s.BF	s.DF	s.TF	index	stat	p.value
OTU_1	1	0	1	5	0.342230057255028	0.051
OTU_10	1	0	1	5	0.336014647266608	0.0496
OTU_1002	0	0	1	3	0.20141482601857	0.4385
OTU_1020	1	0	0	1	0.269591125565903	0.1296
OTU_1023	0	1	1	6	0.0786468094560813	0.8941
OTU_1033	1	0	1	5	0.150803741515094	0.6201
OTU_1036	1	0	0	1	0.0717204601938068	0.9031
OTU_1045	0	1	1	6	0.210362365744557	0.3773
OTU_1046	1	1	0	4	0.214720756894234	0.3438
OTU_1047	1	0	0	1	0.0449814368396609	0.9533
OTU_1048	1	1	0	4	0.317885607453676	0.0759
OTU_1059	1	1	0	4	0.290945325068177	0.1226
OTU_1064	1	0	0	1	0.295323783774196	0.106
OTU_1065	1	0	0	1	0.225644055346871	0.2992
OTU_1067	1	0	1	5	0.165478602074244	0.5283
OTU_1068	0	1	1	6	0.256981844553738	0.2023
OTU_1069	0	1	1	6	0.123037763157004	0.6964
OTU_1081	1	0	0	1	0.350678637422557	0.0356
OTU_1085	0	1	0	2	0.103932384757175	0.773
OTU_1086	1	0	1	5	0.146100579028988	0.635
OTU_1095	1	0	0	1	0.209951541197143	0.4163
OTU_1096	0	1	1	6	0.427693711827634	0.0076
OTU_11	1	0	0	1	0.438992719439414	0.0068
OTU_1101	1	0	0	1	0.167924915557298	0.5225
OTU_1124	1	0	0	1	0.281034191467853	0.1403
OTU_1126	0	1	0	2	0.301281277832118	0.082
OTU_113	0	0	1	3	0.243955914479822	0.2322
OTU_1132	0	0	1	3	0.0260139301309486	0.9839
OTU_1138	0	0	1	3	0.278234833416991	0.1199
OTU_1147	1	1	0	4	0.18669104033328	0.4206
OTU_1148	1	0	1	5	0.0716817563021494	0.9067
OTU_1149	0	1	1	6	0.264968573825136	0.1637
OTU_1161	0	0	1	3	0.337385461064106	0.0429
OTU_1173	0	0	1	3	0.328234563352121	0.0693
OTU_12	1	0	0	1	0.155164999969571	0.5968
OTU_1201	1	1	0	4	0.315301196896502	0.0864
OTU_1209	0	1	0	2	0.215798828135516	0.1289
OTU_1215	0	1	0	2	0.18314071697225	0.4786
OTU_1216	0	0	1	3	0.266172904562485	0.1652
OTU_1220	0	1	0	2	0.144751010148923	0.7903
OTU_1224	0	0	1	3	0.208542145051634	0.4032
OTU_1229	0	0	1	3	0.30197179312761	0.1036
OTU_123	1	0	0	1	0.316931677132143	0.0463
OTU_1238	0	1	1	6	0.237108703901383	0.223
OTU_1249	0	1	0	2	0.397328253081543	0.0041
OTU_126	1	0	0	1	0.279420591877882	0.1452
OTU_1267	0	0	1	3	0.32284110608592	0.075
OTU_1268	1	0	1	5	0.277242400470524	0.1535
OTU_1285	0	0	1	3	0.34898069043409	0.0439
OTU_1286	0	0	1	3	0.637749555608412	1e-04
OTU_1287	1	1	0	4	0.382290317746437	0.0179
OTU_1289	1	0	0	1	0.212676196099855	0.3468
OTU_1297	0	1	1	6	0.222237914159995	0.3007
OTU_1299	1	0	0	1	0.0994779736454551	0.8015
OTU_1300	0	1	1	6	0.296628065406726	0.1008
OTU_1301	0	1	0	2	0.481742422228074	0.0013
OTU_1316	0	1	1	6	0.259252011275469	0.1851
OTU_1322	0	1	1	6	0.314612823464803	0.0906
OTU_1337	1	0	0	1	0.0942245850708485	0.8122
OTU_1375	0	1	1	6	0.19101511191514	0.493
OTU_1377	0	0	1	3	0.173871127746484	0.5749
OTU_1378	1	1	0	4	0.260757044880502	0.1759
OTU_1387	1	0	0	1	0.284524256326856	0.067
OTU_1388	0	1	0	2	0.458011271367848	0.0031
OTU_1394	0	1	0	2	0.284283996688711	0.1358
OTU_1401	1	0	1	5	0.135468309479656	0.6649
OTU_1404	1	1	0	4	0.26275535816748	0.1864
OTU_1406	0	0	1	3	0.327141067202672	0.0117
OTU_1418	0	1	1	6	0.0577695424117067	0.9303
OTU_1419	0	1	1	6	0.177575374858354	0.4974
OTU_1423	0	0	1	3	0.205949380328054	0.6918
OTU_1428	0	1	0	2	0.331016438638655	0.0524
OTU_1437	0	0	1	3	0.250973626656412	0.1751
OTU_1441	0	1	0	2	0.213227585843953	0.3413
OTU_1450	0	0	1	3	0.257854118996991	0.1967
OTU_1462	0	1	1	6	0.278613066380936	0.1315
OTU_1471	1	1	0	4	0.194056815688604	0.4547
OTU_1485	0	1	1	6	0.126034499251135	0.877
OTU_149	1	0	0	1	0.264185667778049	0.1737
OTU_1492	1	0	0	1	0.152897272741376	0.6599
OTU_1494	0	1	0	2	0.276453576412984	0.1551
OTU_15	0	0	1	3	0.127508594437848	0.6795
OTU_1506	0	1	1	6	0.270777953390357	0.0968
OTU_1516	0	1	1	6	0.261126950832445	0.188
OTU_1518	0	1	0	2	0.0903523272054388	0.8488
OTU_1527	1	0	0	1	0.232867713444158	0.2746
OTU_1553	0	1	0	2	0.0271358631357559	0.9851
OTU_1558	0	0	1	3	0.168826717938169	0.6486
OTU_1564	1	0	0	1	0.19620295834241	0.452
OTU_1565	1	0	1	5	0.230806121067696	0.287
OTU_1569	1	0	0	1	0.218451421407962	0.3341
OTU_1576	1	1	0	4	0.175257531064681	0.5084
OTU_1581	0	0	1	3	0.28758665321236	0.0521
OTU_1591	1	0	0	1	0.235773119259034	0.2626
OTU_1594	1	0	0	1	0.241315360841725	0.2544
OTU_1614	0	0	1	3	0.145353522760233	0.6206
OTU_1617	0	0	1	3	0.178928576925432	0.6169
OTU_1637	1	0	0	1	0.21445202085528	0.3376
OTU_1675	0	1	0	2	0.292676533826128	0.0405
OTU_1676	0	1	1	6	0.093172930027513	0.8317
OTU_1685	0	0	1	3	0.46153335530229	0.003
OTU_1686	1	0	0	1	0.206931420760292	0.3565
OTU_1689	1	0	1	5	0.250840156918326	0.2091
OTU_1697	0	0	1	3	0.189399932577475	0.463
OTU_1698	1	1	0	4	0.230536915530665	0.2752
OTU_17	0	0	1	3	0.137262080898203	0.6646
OTU_1704	0	0	1	3	0.0805285793874769	0.8654
OTU_1705	0	0	1	3	0.276694303658883	0.008
OTU_1708	0	1	1	6	0.3329082982379	0.0485
OTU_1714	0	0	1	3	0.134539256992793	0.654
OTU_1715	0	1	1	6	0.225351906316712	0.293
OTU_1718	0	1	0	2	0.253097567404131	0.2006
OTU_1719	1	0	1	5	0.170791301651113	0.5133
OTU_1723	0	0	1	3	0.368461480899741	0.0172
OTU_1733	0	1	0	2	0.317692910130159	0.0715
OTU_1735	1	0	0	1	0.326863385028387	0.0347
OTU_1737	0	1	0	2	0.32109357166304	0.0735
OTU_1746	1	0	1	5	0.489119202356461	0.0019
OTU_1749	1	1	0	4	0.248644603061491	0.2184
OTU_1758	1	1	0	4	0.220639670458636	0.3157
OTU_1759	1	0	1	5	0.0952918245647385	0.8326
OTU_1761	1	0	1	5	0.107490853916349	0.759
OTU_1763	0	0	1	3	0.125433901345634	0.6902
OTU_1764	0	0	1	3	0.210527846942227	0.3457
OTU_1771	1	0	0	1	0.0943917429404022	0.8613
OTU_1783	0	1	1	6	0.214471452264742	0.3304
OTU_1787	1	1	0	4	0.231776924054551	0.2713
OTU_1789	0	0	1	3	0.250925910235449	0.2018
OTU_1793	1	0	0	1	0.139437907179393	0.9917
OTU_1822	0	1	0	2	0.0931204001701886	0.8274
OTU_1828	1	0	0	1	0.0605472705222296	0.9236
OTU_1829	1	0	1	5	0.15758656629609	0.569
OTU_1838	1	0	0	1	0.375497120647375	0.0216
OTU_1839	1	0	0	1	0.25740813322198	0.1992
OTU_1840	0	1	1	6	0.111337435340377	0.7786
OTU_1842	0	1	0	2	0.241932200564233	0.2384
OTU_1858	1	0	1	5	0.103070150163194	0.8078
OTU_1859	0	0	1	3	0.142246508949526	0.7295
OTU_1865	1	0	0	1	0.534469110893378	4e-04
OTU_1867	1	0	0	1	0.257999158150552	0.1971
OTU_187	1	0	0	1	0.500899879475396	0.0013
OTU_1890	0	1	1	6	0.122718694775313	0.701
OTU_19	0	0	1	3	0.229912624389464	0.2875
OTU_1901	0	1	1	6	0.12125923001642	0.7161
OTU_1902	1	0	1	5	0.169403092500831	0.6355
OTU_1909	0	1	0	2	0.136798737859353	0.641
OTU_1912	1	0	1	5	0.215500632343619	0.3373
OTU_1920	0	1	0	2	0.468109727974008	0.0028
OTU_1924	0	1	0	2	0.252677409669824	1e-04
OTU_1935	0	0	1	3	0.3254759256566	0.0572
OTU_1940	0	0	1	3	0.388353892466582	0.0188
OTU_1960	0	1	0	2	0.307535240613219	0.032
OTU_1961	1	1	0	4	0.108785460558591	0.9168
OTU_1966	0	0	1	3	0.138005843169683	0.6415
OTU_1985	0	0	1	3	0.190520770622024	0.4698
OTU_2	1	0	1	5	0.0838132864213527	0.8948
OTU_2001	1	1	0	4	0.281079430699238	0.1309
OTU_2004	1	0	0	1	0.331415626913865	0.0485
OTU_2013	0	1	0	2	0.413358717438087	0.004
OTU_2014	1	0	0	1	0.112816774750101	0.7378
OTU_2023	0	1	0	2	0.176798183743701	0.4778
OTU_2025	1	1	0	4	0.260190791321653	0.199
OTU_2036	1	0	0	1	0.072092563697294	0.8984
OTU_2037	0	1	1	6	0.117589451665834	0.8714
OTU_2040	1	0	1	5	0.13758576593153	0.7569
OTU_2044	1	0	0	1	0.41696104750695	0.0103
OTU_2048	0	0	1	3	0.191574348789265	0.4119
OTU_2056	0	1	1	6	0.385177380085485	0.0225
OTU_2067	1	1	0	4	0.0829784255839017	0.8518
OTU_2068	0	0	1	3	0.24476711713212	0.2298
OTU_2081	1	0	0	1	0.190183505296924	0.4602
OTU_2083	0	1	0	2	0.272915436623127	0.1555
OTU_2087	0	0	1	3	0.0439374552451023	0.9505
OTU_2092	0	0	1	3	0.0285392931230729	0.9832
OTU_2094	0	1	0	2	0.389650777480326	0.017
OTU_2095	1	0	0	1	0.130123393543354	0.8553
OTU_2104	1	1	0	4	0.186605038627762	0.4504
OTU_2121	0	1	0	2	0.11912296195027	0.7567
OTU_2125	1	0	0	1	0.395268924658743	0.01
OTU_2126	0	0	1	3	0.221407172178562	0.3264
OTU_2129	0	1	1	6	0.0525029868032645	0.9385
OTU_2130	1	1	0	4	0.207226342006694	0.3733
OTU_2133	1	0	1	5	0.0740962105607074	0.8843
OTU_2157	0	0	1	3	0.0837009953936791	0.9175
OTU_2158	1	0	0	1	0.206760670255233	0.3873
OTU_2160	1	0	1	5	0.176062672185666	0.4861
OTU_2162	0	1	1	6	0.264481023975009	0.1537
OTU_2164	0	0	1	3	0.326607755245558	0.0642
OTU_2166	0	1	0	2	0.210212052297159	0.3467
OTU_2188	1	0	0	1	0.227154141915444	0.2925
OTU_22	0	1	0	2	0.260754578237578	0.1781
OTU_2202	0	0	1	3	0.153250196816234	0.6618
OTU_2203	1	1	0	4	0.322610679289508	0.0514
OTU_2215	0	1	1	6	0.222057855176947	0.3145
OTU_2216	0	1	0	2	0.0903157998408023	0.8211
OTU_2218	0	0	1	3	0.306883834902983	0.0841
OTU_2221	0	1	0	2	0.509483556016168	5e-04
OTU_2224	1	0	0	1	0.209861843478056	0.3608
OTU_2238	0	0	1	3	0.315806249027762	0.0509
OTU_2239	0	0	1	3	0.243188795497816	0.2103
OTU_2247	0	1	1	6	0.142178299228898	0.6278
OTU_2248	1	0	0	1	0.145357391221031	0.647
OTU_2249	0	1	0	2	0.349262959056164	0.0409
OTU_2256	0	1	0	2	0.294683137390407	0.0962
OTU_2259	0	1	0	2	0.250717179234328	0.2122
OTU_2260	0	1	1	6	0.30295400754405	0.0965
OTU_2270	0	1	1	6	0.16308110073799	0.5462
OTU_2279	0	0	1	3	0.256317329544145	0.1696
OTU_2282	1	1	0	4	0.432874972985934	0.0048
OTU_2285	1	0	0	1	0.590874964849192	1e-04
OTU_2286	1	1	0	4	0.293323066290846	0.0977
OTU_2291	0	0	1	3	0.0496513148808393	0.9708
OTU_2295	0	0	1	3	0.197123518901296	0.5495
OTU_2301	0	1	0	2	0.225373295296842	0.2978
OTU_2312	0	1	1	6	0.141418652209261	0.7129
OTU_2313	0	1	0	2	0.415665864151896	0.0102
OTU_2315	1	0	1	5	0.256898941847787	0.1957
OTU_2316	0	1	1	6	0.231225461928345	0.2816
OTU_2317	0	1	1	6	0.301991929846144	0.0894
OTU_2318	0	0	1	3	0.265915933408366	0.1416
OTU_2337	1	1	0	4	0.18306948897017	0.4764
OTU_2356	0	1	1	6	0.401857586104674	0.0115
OTU_2360	1	1	0	4	0.381825386175253	0.0215
OTU_2370	0	1	0	2	0.230115466199041	0.3011
OTU_2378	0	1	0	2	0.267297574041357	0.1745
OTU_2387	0	1	0	2	0.189336917234538	0.5026
OTU_2389	1	0	0	1	0.393274779754109	0.0178
OTU_2390	0	0	1	3	0.168330543576963	0.5198
OTU_2391	0	0	1	3	0.261302214687862	0.1869
OTU_2392	0	1	0	2	0.243239452389376	0.2329
OTU_2396	0	1	1	6	0.192562224004234	0.4396
OTU_2398	0	0	1	3	0.219793990183005	0.2368
OTU_2400	0	1	1	6	0.169679315883634	0.3713
OTU_2405	1	0	0	1	0.186272154525523	0.439
OTU_2407	1	0	0	1	0.161305688202313	0.5822
OTU_2414	0	1	1	6	0.0532871954350955	0.932
OTU_2417	0	0	1	3	0.206089257337232	0.3965
OTU_2426	0	1	1	6	0.248533582006249	0.225
OTU_2432	0	0	1	3	0.235382578004726	1e-04
OTU_2434	0	0	1	3	0.172405148506641	0.5272
OTU_2435	0	1	1	6	0.105704424962249	0.7829
OTU_2436	0	1	1	6	0.291967281984504	0.1028
OTU_2448	0	0	1	3	0.292230369176534	0.1132
OTU_2451	0	0	1	3	0.113486306515508	0.8255
OTU_2454	1	1	0	4	0.376197882318774	0.0243
OTU_2462	0	1	0	2	0.270241012192984	0.1722
OTU_2463	0	1	0	2	0.214207247107052	0.3339
OTU_2482	1	0	0	1	0.212501357773837	0.3349
OTU_2489	1	1	0	4	0.248716115137975	0.1968
OTU_249	1	0	0	1	0.177678931460397	0.668
OTU_2494	0	0	1	3	0.347777621596212	0.0087
OTU_2499	1	0	1	5	0.20489425327012	0.3624
OTU_2503	0	0	1	3	0.232718093669861	0.1936
OTU_2512	0	0	1	3	0.21653893284733	0.218
OTU_2515	0	0	1	3	0.137677371915109	0.6591
OTU_2523	1	1	0	4	0.282816531255735	0.138
OTU_2528	1	0	0	1	0.581154972246433	1e-04
OTU_2535	1	1	0	4	0.17802605022208	0.5292
OTU_2538	0	1	1	6	0.149580392531412	0.5811
OTU_2539	1	0	0	1	0.42640830762317	0.0059
OTU_2542	1	1	0	4	0.194521380440375	0.4429
OTU_2544	0	0	1	3	0.496266972819077	0.001
OTU_2545	0	1	1	6	0.172812414800994	0.5221
OTU_2549	0	1	0	2	0.0928032373501065	0.82
OTU_2550	1	1	0	4	0.0468513255440667	0.9494
OTU_2551	0	1	1	6	0.313048153453779	0.0805
OTU_2553	1	0	1	5	0.105301282644734	0.806
OTU_2554	1	0	0	1	0.157534236321308	0.5552
OTU_2571	0	0	1	3	0.0930908592385978	0.8248
OTU_2590	1	0	0	1	0.0497991802347483	0.9493
OTU_2591	0	0	1	3	0.36403289952157	0.0327
OTU_2595	1	0	1	5	0.167127972106015	0.5155
OTU_2629	0	0	1	3	0.462186772751336	0.0019
OTU_2634	0	1	0	2	0.174404492470431	0.4893
OTU_264	1	0	0	1	0.487109680563684	0.0024
OTU_2642	1	0	1	5	0.22226063096282	0.2977
OTU_2643	0	0	1	3	0.258853429721862	0.1945
OTU_2650	0	1	0	2	0.292036089433845	0.1054
OTU_2654	0	1	0	2	0.240524934779626	0.016
OTU_2658	1	1	0	4	0.238045376200546	0.2464
OTU_2660	1	0	0	1	0.0487333593997817	0.9475
OTU_2662	0	1	1	6	0.209307589168567	0.3716
OTU_2666	0	1	0	2	0.342355936672278	0.0402
OTU_2691	1	1	0	4	0.224623192900426	0.306
OTU_2697	1	0	1	5	0.298223396914691	0.1099
OTU_2698	0	1	0	2	0.442554945991552	0.0023
OTU_2699	0	1	0	2	0.258514538320683	0.1942
OTU_2701	0	1	0	2	0.225131367480114	0.311
OTU_2705	0	1	0	2	0.224409436950606	0.2913
OTU_2706	0	0	1	3	0.247344810394348	0.2277
OTU_2725	0	1	0	2	0.0718245332628435	0.8877
OTU_2741	0	1	1	6	0.199973310790322	0.4682
OTU_2751	1	0	0	1	0.174923798072901	0.4881
OTU_2755	0	1	0	2	0.225964959266102	0.2691
OTU_2762	0	1	0	2	0.348311555353191	0.0507
OTU_2778	0	0	1	3	0.238880814377028	0.2489
OTU_2784	0	1	0	2	0.185215701197204	0.4495
OTU_2786	1	0	0	1	0.17431174144378	0.5263
OTU_2803	0	1	1	6	0.128939669848447	0.702
OTU_2804	0	1	0	2	0.259590908656531	0.1531
OTU_281	1	0	0	1	0.195751591166863	0.4877
OTU_2815	0	0	1	3	0.246799585373471	0.1112
OTU_2823	1	0	1	5	0.224782202945371	0.3049
OTU_2825	0	1	1	6	0.16272317653782	0.6542
OTU_2828	1	1	0	4	0.394694165125368	0.01
OTU_2832	0	1	1	6	0.186077327246516	0.453
OTU_2841	0	0	1	3	0.0376845798153097	0.9716
OTU_2846	0	0	1	3	0.523229497502545	3e-04
OTU_2867	1	1	0	4	0.441660774611319	0.0049
OTU_2872	1	0	0	1	0.343644976128959	0.0495
OTU_2877	0	1	0	2	0.319894909833394	0.0707
OTU_2878	0	0	1	3	0.450681903384957	1e-04
OTU_2884	0	0	1	3	0.289754054329205	0.0963
OTU_2886	0	1	0	2	0.165480885058174	0.5228
OTU_2889	0	0	1	3	0.22051544739044	0.3109
OTU_2896	0	0	1	3	0.148575199872852	0.688
OTU_2898	1	1	0	4	0.0739081178909773	0.8875
OTU_2922	0	0	1	3	0.212953419545932	0.4145
OTU_2923	1	1	0	4	0.302492156113891	0.0883
OTU_2924	0	0	1	3	0.486258305608044	9e-04
OTU_2928	1	0	0	1	0.228968101874346	0.292
OTU_2929	1	0	1	5	0.155349532862338	0.5716
OTU_2930	0	0	1	3	0.551548963789555	1e-04
OTU_294	0	0	1	3	0.283891886023317	0.1377
OTU_2941	1	0	0	1	0.309992824842229	0.0901
OTU_2951	0	0	1	3	0.241849893935855	0.2362
OTU_2971	0	1	0	2	0.177654130324478	0.5301
OTU_2989	1	0	0	1	0.34445051436748	0.0443
OTU_3	1	0	1	5	0.23100452304528	0.2799
OTU_3003	1	1	0	4	0.236749299337315	0.2637
OTU_3005	1	0	0	1	0.148313437414863	0.6232
OTU_3012	1	1	0	4	0.237557881517657	0.2482
OTU_3018	1	1	0	4	0.0758784071937003	0.8736
OTU_3026	1	0	0	1	0.26662680993307	0.1795
OTU_3039	1	1	0	4	0.227445486104059	0.2937
OTU_3047	0	0	1	3	0.404025888700821	0.0113
OTU_3053	1	0	1	5	0.16978739973989	0.5161
OTU_3059	0	1	1	6	0.332766884964959	0.0637
OTU_3063	0	0	1	3	0.482013713426947	0.0018
OTU_3064	0	1	0	2	0.173920223058697	0.4922
OTU_3067	1	1	0	4	0.308414207516322	0.0919
OTU_3075	0	1	1	6	0.198710967826783	0.3821
OTU_3076	1	1	0	4	0.18776438910644	0.4526
OTU_3085	1	0	1	5	0.144867595300962	0.6299
OTU_3092	0	1	1	6	0.26284173828927	0.1843
OTU_3103	0	1	0	2	0.140866393828607	0.6681
OTU_3116	1	0	0	1	0.123617959665751	0.702
OTU_3122	0	1	0	2	0.142300838974476	0.6284
OTU_3124	0	1	0	2	0.250361518519544	0.2077
OTU_3133	0	0	1	3	0.554174727984825	3e-04
OTU_3137	1	0	1	5	0.269670750164377	0.1736
OTU_3143	0	0	1	3	0.457845215449493	0.0034
OTU_3151	0	1	1	6	0.244597614737633	0.2316
OTU_3160	1	0	0	1	0.0645710472369978	0.9456
OTU_3161	1	0	1	5	0.283442345105295	0.137
OTU_3162	0	0	1	3	0.183040579563429	0.4679
OTU_3164	1	0	1	5	0.112017159118242	0.8724
OTU_3165	0	0	1	3	0.14913974642014	0.6207
OTU_3177	1	1	0	4	0.1157365804748	0.8129
OTU_3184	0	0	1	3	0.187882949839443	0.4357
OTU_3191	1	0	0	1	0.287352636423193	0.0505
OTU_3192	0	1	1	6	0.310328734641527	0.0811
OTU_3196	1	0	0	1	0.273212113143556	0.1667
OTU_3201	0	1	1	6	0.28800283447754	0.1255
OTU_3206	0	1	0	2	0.351163554473148	0.0406
OTU_3211	0	0	1	3	0.589988759284923	3e-04
OTU_3221	0	0	1	3	0.365672164239077	0.0207
OTU_3222	0	0	1	3	0.20570154004729	0.4049
OTU_3225	0	0	1	3	0.353262118784324	0.0191
OTU_3227	1	0	1	5	0.234885361316737	0.2614
OTU_3236	0	1	0	2	0.163117466580985	0.6517
OTU_3245	0	1	0	2	0.353142051738776	0.0375
OTU_3249	1	0	0	1	0.547578520476517	3e-04
OTU_3251	0	1	1	6	0.298847314442562	0.1087
OTU_3261	0	1	0	2	0.205293001933782	0.4112
OTU_3266	1	0	0	1	0.332137982176418	0.0629
OTU_3267	1	1	0	4	0.117378400090624	0.7268
OTU_3282	0	1	0	2	0.561169805985498	3e-04
OTU_3283	0	1	0	2	0.152771946611169	0.8311
OTU_3300	0	0	1	3	0.445840545041178	0.0061
OTU_3302	0	1	0	2	0.198590806320805	0.4325
OTU_3308	1	0	0	1	0.152663951775862	0.7048
OTU_3309	0	1	0	2	0.392501501145604	9e-04
OTU_3319	1	1	0	4	0.284996799155004	0.1152
OTU_3323	1	1	0	4	0.2383069459854	0.2575
OTU_3345	0	1	1	6	0.140800158616256	0.6664
OTU_335	0	0	1	3	0.0713349433268685	0.8977
OTU_3355	0	1	0	2	0.578230825770127	1e-04
OTU_3356	0	1	0	2	0.297832054700658	0.0431
OTU_3363	1	1	0	4	0.305156521865173	0.0993
OTU_3369	0	0	1	3	0.419702415497067	0.0071
OTU_3371	0	1	1	6	0.227278034916216	0.2712
OTU_3381	1	0	1	5	0.0788124121972491	0.865
OTU_3390	0	1	0	2	0.317982734532865	0.0702
OTU_3394	0	1	0	2	0.171432546527314	0.536
OTU_3395	0	1	0	2	0.154350444189555	0.5732
OTU_3396	0	1	0	2	0.190788998606495	0.7879
OTU_3411	0	1	0	2	0.171099256702199	0.4981
OTU_3412	1	0	0	1	0.18379733911186	0.949
OTU_3425	0	1	0	2	0.286528457067145	0.1265
OTU_345	1	0	0	1	0.302504340869463	0.0973
OTU_3489	1	1	0	4	0.144932273473564	0.7238
OTU_349	1	0	0	1	0.217801554535663	0.3402
OTU_3498	1	1	0	4	0.200127731539555	0.3824
OTU_3504	1	1	0	4	0.271400888670505	0.1615
OTU_3510	1	0	0	1	0.276835263059744	0.1252
OTU_3527	0	0	1	3	0.247150735551016	0.2184
OTU_3531	0	0	1	3	0.130118201104293	0.6828
OTU_3537	1	0	0	1	0.366953610307085	0.0044
OTU_3539	1	0	0	1	0.248919480046205	0.0045
OTU_3544	1	0	0	1	0.282062944939328	0.133
OTU_3546	1	0	0	1	0.532466241843866	6e-04
OTU_3553	0	1	0	2	0.0937906570679464	0.8371
OTU_3554	1	0	0	1	0.377507902855226	0.0219
OTU_3555	1	0	0	1	0.53359095309369	7e-04
OTU_3559	0	1	0	2	0.31692807122591	0.0123
OTU_3563	0	1	1	6	0.0869517326198187	0.861
OTU_3584	1	1	0	4	0.341026178450327	0.0457
OTU_359	0	1	0	2	0.0997388265965979	0.7983
OTU_3595	1	1	0	4	0.241402895131379	0.2465
OTU_3604	1	0	0	1	0.303590516555379	0.0278
OTU_3606	1	0	0	1	0.617710546706987	2e-04
OTU_3613	1	0	0	1	0.469982146911412	0.0021
OTU_3627	1	1	0	4	0.140885129450806	0.7402
OTU_3639	1	1	0	4	0.355929464290693	0.0351
OTU_3641	1	1	0	4	0.143343609126146	0.6593
OTU_3676	0	0	1	3	0.160026911188912	0.9019
OTU_3683	1	0	0	1	0.444158766615692	0.0043
OTU_3687	1	1	0	4	0.144998768638949	0.8213
OTU_369	1	0	1	5	0.195534279115122	0.4347
OTU_370	1	0	0	1	0.334924106330713	0.0576
OTU_3701	1	0	1	5	0.0474680880578445	0.9497
OTU_3707	0	1	0	2	0.151652898305329	0.8858
OTU_3716	1	0	0	1	0.353195287400172	0.037
OTU_3721	1	0	0	1	0.354133080832236	0.0362
OTU_3723	1	0	0	1	0.375380951247952	0.0184
OTU_3728	1	0	0	1	0.261485452878877	0.1398
OTU_3730	1	1	0	4	0.163281451920882	0.5739
OTU_3736	1	1	0	4	0.28964062038194	0.1117
OTU_3742	1	0	0	1	0.429087006969347	0.0078
OTU_3747	1	0	0	1	0.282947632690744	0.1076
OTU_3750	1	0	1	5	0.138428458925996	0.6776
OTU_3754	1	1	0	4	0.347432226350326	0.0399
OTU_3759	1	1	0	4	0.17724788459556	0.5292
OTU_3766	1	0	0	1	0.42877679758508	0.0055
OTU_3770	1	0	0	1	0.319534865376635	0.0301
OTU_3786	1	0	0	1	0.329841786240506	0.0174
OTU_3787	1	0	0	1	0.355631543765782	0.0343
OTU_3790	1	1	0	4	0.221421468143727	0.3454
OTU_3796	0	0	1	3	0.394499701321863	0.0152
OTU_3809	1	1	0	4	0.294266482344163	0.0976
OTU_3822	1	0	0	1	0.444087553375701	7e-04
OTU_3825	1	0	0	1	0.271626495439102	0.1547
OTU_3836	1	1	0	4	0.240085513000495	0.2393
OTU_3841	1	1	0	4	0.238951904455397	0.2614
OTU_3848	1	0	0	1	0.322536406949824	0.0698
OTU_3852	1	0	1	5	0.185207196886472	0.4385
OTU_3858	1	1	0	4	0.288102887637316	0.1166
OTU_3860	1	1	0	4	0.354050433711731	0.0336
OTU_3871	1	1	0	4	0.237963934105769	0.2529
OTU_3872	1	0	0	1	0.396368326590305	0.0131
OTU_3873	1	0	1	5	0.206085949517237	0.3911
OTU_3875	0	1	0	2	0.210565970566294	0.3337
OTU_3878	1	0	0	1	0.362374042239841	0.0118
OTU_389	0	0	1	3	0.273523892468422	0.1262
OTU_3890	1	1	0	4	0.308956462746302	0.085
OTU_3894	1	0	0	1	0.281565164991232	0.1161
OTU_3899	1	0	0	1	0.557890715393853	4e-04
OTU_3906	1	1	0	4	0.284114382158467	0.1174
OTU_3913	1	1	0	4	0.325343622813763	0.0605
OTU_3916	1	0	0	1	0.129364244660903	0.8334
OTU_392	1	0	0	1	0.160838322406476	0.5587
OTU_3922	1	1	0	4	0.305679841121834	0.0934
OTU_3928	1	1	0	4	0.321379751936069	0.0725
OTU_3934	0	1	0	2	0.246322484137469	0.1538
OTU_3935	0	1	0	2	0.322328553981227	0.0559
OTU_3948	1	0	0	1	0.267748878478773	0.1494
OTU_3956	1	0	0	1	0.251633247940886	0.2088
OTU_3971	1	0	0	1	0.400457810967749	0.0134
OTU_3973	1	0	0	1	0.233095370701521	0.2705
OTU_3976	1	1	0	4	0.363173429049542	0.0283
OTU_3977	0	1	0	2	0.16183559019649	0.5648
OTU_398	1	0	0	1	0.296993355545096	0.1012
OTU_3981	0	1	0	2	0.311782520527634	0.0564
OTU_3995	1	1	0	4	0.221868624970103	0.3244
OTU_3997	1	0	0	1	0.342553469233475	0.0369
OTU_4022	1	1	0	4	0.167932906395056	0.5143
OTU_4024	1	1	0	4	0.268099656259515	0.1626
OTU_4027	1	1	0	4	0.269010091237921	0.1704
OTU_4033	1	1	0	4	0.240399871286046	0.2329
OTU_4034	0	1	0	2	0.307766845442744	0.0777
OTU_4038	1	1	0	4	0.204071329173978	0.3899
OTU_4042	1	1	0	4	0.248069980596223	0.2065
OTU_4047	1	1	0	4	0.320125688855187	0.0646
OTU_408	1	0	0	1	0.380132846651481	0.0195
OTU_4089	0	1	0	2	0.128945334997598	0.669
OTU_411	1	0	1	5	0.473844593173549	0.0023
OTU_415	1	1	0	4	0.336838793892449	0.0523
OTU_427	0	0	1	3	0.248109820417408	0.2147
OTU_438	0	0	1	3	0.311991032461065	0.0462
OTU_439	1	1	0	4	0.360673058077741	0.0349
OTU_473	1	0	0	1	0.26905867601614	0.0626
OTU_5	1	0	0	1	0.347523019451448	0.0423
OTU_568	1	1	0	4	0.326773567319559	0.0648
OTU_593	1	1	0	4	0.321583557054514	0.0666
OTU_616	0	0	1	3	0.219274115772646	0.3179
OTU_620	0	0	1	3	0.22818747196901	0.2934
OTU_650	0	0	1	3	0.151091311620701	0.6918
OTU_681	1	0	1	5	0.201608884071531	0.3988
OTU_683	0	1	1	6	0.346645118933967	0.0454
OTU_688	0	1	0	2	0.29073044012616	0.1306
OTU_69	0	0	1	3	0.188876841633894	0.5308
OTU_699	0	1	0	2	0.403839312865404	0.0083
OTU_706	0	1	0	2	0.21304342753714	0.3453
OTU_719	0	1	0	2	0.282540335153042	0.1111
OTU_750	1	1	0	4	0.27068712958947	0.1613
OTU_755	0	1	0	2	0.309259464692441	0.0705
OTU_766	1	1	0	4	0.227535270629166	0.3001
OTU_767	0	1	0	2	0.0746269322948668	0.9262
OTU_769	1	1	0	4	0.31518582251734	0.0685
OTU_782	0	1	1	6	0.197773442811289	0.4282
OTU_784	0	0	1	3	0.205809362116194	0.3481
OTU_790	1	0	0	1	0.250303211691214	0.2177
OTU_792	0	1	0	2	0.309858838061092	0.0829
OTU_794	1	1	0	4	0.0537020285407177	0.9519
OTU_8	0	0	1	3	0.208078201396067	0.3467
OTU_805	1	0	1	5	0.207223525722555	0.3519
OTU_833	1	0	0	1	0.261102101896915	0.1644
OTU_846	1	0	0	1	0.241848057964772	0.2337
OTU_849	0	0	1	3	0.13822213683984	0.6334
OTU_854	0	1	0	2	0.223365519327622	0.0167
OTU_870	1	0	0	1	0.231450332964186	0.1738
OTU_877	1	0	0	1	0.248626103093724	0.2209
OTU_884	1	0	1	5	0.240530517156923	0.234
OTU_897	1	0	0	1	0.327130967812418	0.0668
OTU_9	0	1	1	6	0.273909487870951	0.1572
OTU_913	0	1	0	2	0.248784780541009	0.0996
OTU_926	0	0	1	3	0.28101192005759	0.0327
OTU_931	1	1	0	4	0.16799119651529	0.5135
OTU_938	1	0	1	5	0.101919572705679	0.9507
OTU_948	0	1	1	6	0.0871707140514808	0.9079
OTU_950	0	0	1	3	0.170732262756303	0.4935
OTU_962	0	1	1	6	0.118878703818181	0.7507
OTU_976	1	1	0	4	0.533563347776302	4e-04
OTU_989	0	0	1	3	0.178496985072997	0.4046
OTU_991	1	0	0	1	0.140702938629438	0.6227
OTU_995	1	0	1	5	0.155511612012277	0.5941
OTU_999	0	1	0	2	0.250736754646816	0.1937
